0.000000000000000000e+00 0.000000000000000000e+00 0.000000000000000000e+00 0.000000000000000000e+00
1.008403361344537702e-02 1.202362121724513531e-04 0.000000000000000000e+00 1.202362121724513531e-04
2.016806722689075404e-02 4.809448486898054123e-04 0.000000000000000000e+00 4.809448486898054123e-04
3.025210084033613106e-02 1.082125909552062544e-03 0.000000000000000000e+00 1.082125909552062544e-03
4.033613445378150808e-02 1.923779394759221649e-03 0.000000000000000000e+00 1.923779394759221649e-03
5.042016806722688510e-02 3.005905304311267713e-03 0.000000000000000000e+00 3.005905304311267713e-03
6.050420168067226212e-02 4.328503638208250175e-03 0.000000000000000000e+00 4.328503638208250175e-03
7.058823529411764608e-02 5.891574396450114173e-03 0.000000000000000000e+00 5.891574396450114173e-03
8.067226890756301616e-02 7.695117579036886597e-03 0.000000000000000000e+00 7.695117579036886597e-03
9.075630252100838624e-02 9.739133185968581324e-03 0.000000000000000000e+00 9.739133185968581324e-03
1.008403361344537702e-01 1.202362121724507085e-02 0.000000000000000000e+00 1.202362121724507085e-02
1.109243697478991542e-01 1.454858167286661279e-02 0.000000000000000000e+00 1.454858167286661279e-02
1.210084033613445242e-01 1.731401455283300070e-02 0.000000000000000000e+00 1.731401455283300070e-02
1.310924369747898943e-01 2.031991985714430224e-02 0.000000000000000000e+00 2.031991985714430224e-02
1.411764705882352922e-01 2.356629758580045669e-02 0.000000000000000000e+00 2.356629758580045669e-02
1.512605042016806622e-01 2.705314773880143284e-02 0.000000000000000000e+00 2.705314773880143284e-02
1.613445378151260323e-01 3.078047031614754639e-02 0.000000000000000000e+00 3.078047031614754639e-02
1.714285714285714024e-01 3.474826531783857531e-02 0.000000000000000000e+00 3.474826531783857531e-02
1.815126050420167725e-01 3.895653274387432530e-02 0.000000000000000000e+00 3.895653274387432530e-02
1.915966386554621703e-01 4.340527259425493167e-02 0.000000000000000000e+00 4.340527259425493167e-02
2.016806722689075404e-01 4.809448486898028341e-02 0.000000000000000000e+00 4.809448486898028341e-02
2.117647058823529105e-01 5.302416956805099807e-02 0.000000000000000000e+00 5.302416956805099807e-02
2.218487394957983083e-01 5.819432669146645115e-02 0.000000000000000000e+00 5.819432669146645115e-02
2.319327731092436784e-01 6.360495623922689246e-02 0.000000000000000000e+00 6.360495623922689246e-02
2.420168067226890485e-01 6.925605821133200279e-02 0.000000000000000000e+00 6.925605821133200279e-02
2.521008403361344463e-01 7.514763260778188625e-02 0.000000000000000000e+00 7.514763260778188625e-02
2.621848739495797886e-01 8.127967942857720895e-02 0.000000000000000000e+00 8.127967942857720895e-02
2.722689075630251865e-01 8.765219867371716600e-02 0.000000000000000000e+00 8.765219867371716600e-02
2.823529411764705843e-01 9.426519034320182677e-02 0.000000000000000000e+00 9.426519034320182677e-02
2.924369747899159266e-01 1.011186544370316770e-01 0.000000000000000000e+00 1.011186544370316770e-01
3.025210084033613245e-01 1.082125909552057313e-01 0.000000000000000000e+00 1.082125909552057313e-01
3.126050420168066668e-01 1.155469998977259605e-01 0.000000000000000000e+00 1.155469998977259605e-01
3.226890756302520646e-01 1.231218812645901856e-01 0.000000000000000000e+00 1.231218812645901856e-01
3.327731092436974625e-01 1.309372350557995723e-01 0.000000000000000000e+00 1.309372350557995723e-01
3.428571428571428048e-01 1.389930612713543012e-01 0.000000000000000000e+00 1.389930612713543012e-01
3.529411764705882026e-01 1.472893599112523322e-01 0.000000000000000000e+00 1.472893599112523322e-01
3.630252100840335450e-01 1.558261309754973012e-01 0.000000000000000000e+00 1.558261309754973012e-01
3.731092436974789428e-01 1.646033744640857666e-01 0.000000000000000000e+00 1.646033744640857666e-01
3.831932773109243406e-01 1.736210903770197267e-01 0.000000000000000000e+00 1.736210903770197267e-01
3.932773109243696830e-01 1.828792787142981546e-01 0.000000000000000000e+00 1.828792787142981546e-01
4.033613445378150808e-01 1.923779394759211336e-01 0.000000000000000000e+00 1.923779394759211336e-01
4.134453781512604786e-01 2.021170726618910229e-01 0.000000000000000000e+00 2.021170726618910229e-01
4.235294117647058210e-01 2.120966782722039923e-01 0.000000000000000000e+00 2.120966782722039923e-01
4.336134453781512188e-01 2.223167563068632335e-01 0.000000000000000000e+00 2.223167563068632335e-01
4.436974789915966166e-01 2.327773067658658046e-01 0.000000000000000000e+00 2.327773067658658046e-01
4.537815126050419590e-01 2.434783296492138704e-01 0.000000000000000000e+00 2.434783296492138704e-01
4.638655462184873568e-01 2.544198249569075698e-01 0.000000000000000000e+00 2.544198249569075698e-01
4.739495798319326991e-01 2.656017926889456260e-01 0.000000000000000000e+00 2.656017926889456260e-01
4.840336134453780970e-01 2.770242328453280112e-01 0.000000000000000000e+00 2.770242328453280112e-01
4.941176470588234948e-01 2.886871454260543368e-01 0.000000000000000000e+00 2.886871454260543368e-01
5.042016806722688926e-01 3.005905304311275450e-01 0.000000000000000000e+00 3.005905304311275450e-01
5.142857142857142350e-01 3.127343878605468031e-01 0.000000000000000000e+00 3.127343878605468031e-01
5.243697478991595773e-01 3.251187177143088358e-01 0.000000000000000000e+00 3.251187177143088358e-01
5.344537815126050306e-01 3.377435199924158082e-01 0.000000000000000000e+00 3.377435199924158082e-01
5.445378151260503730e-01 3.506087946948686640e-01 0.000000000000000000e+00 3.506087946948686640e-01
5.546218487394957153e-01 3.637145418216650716e-01 0.000000000000000000e+00 3.637145418216650716e-01
5.647058823529411686e-01 3.770607613728073071e-01 0.000000000000000000e+00 3.770607613728073071e-01
5.747899159663865110e-01 3.906474533482940381e-01 0.000000000000000000e+00 3.906474533482940381e-01
5.848739495798318533e-01 4.044746177481267080e-01 0.000000000000000000e+00 4.044746177481267080e-01
5.949579831932771956e-01 4.185422545723027632e-01 0.000000000000000000e+00 4.185422545723027632e-01
6.050420168067226490e-01 4.328503638208229254e-01 0.000000000000000000e+00 4.328503638208229254e-01
6.151260504201679913e-01 4.473989454936904697e-01 0.000000000000000000e+00 4.473989454936904697e-01
6.252100840336133336e-01 4.621879995909038419e-01 0.000000000000000000e+00 4.621879995909038419e-01
6.352941176470587870e-01 4.772175261124567136e-01 0.000000000000000000e+00 4.772175261124567136e-01
6.453781512605041293e-01 4.924875250583607422e-01 0.000000000000000000e+00 4.924875250583607422e-01
6.554621848739494716e-01 5.079979964286073235e-01 0.000000000000000000e+00 5.079979964286073235e-01
6.655462184873949250e-01 5.237489402231982893e-01 0.000000000000000000e+00 5.237489402231982893e-01
6.756302521008402673e-01 5.397403564421339173e-01 0.000000000000000000e+00 5.397403564421339173e-01
6.857142857142856096e-01 5.559722450854172049e-01 0.000000000000000000e+00 5.559722450854172049e-01
6.957983193277310630e-01 5.724446061530388263e-01 0.000000000000000000e+00 5.724446061530388263e-01
7.058823529411764053e-01 5.891574396450093287e-01 0.000000000000000000e+00 5.891574396450093287e-01
7.159663865546217476e-01 6.061107455613287120e-01 0.000000000000000000e+00 6.061107455613287120e-01
7.260504201680670899e-01 6.233044771969189490e-01 4.641150570570096373e-08 6.233045236084246987e-01
7.361344537815125433e-01 6.407386194357326259e-01 1.521702242515146123e-07 6.407387716059568250e-01
7.462184873949578856e-01 6.584132267701161556e-01 2.622455743662010837e-07 6.584134890156905229e-01
7.563025210084032279e-01 6.763282988379313299e-01 3.768766786320806984e-07 6.763286757146099726e-01
7.663865546218486813e-01 6.944838353911362283e-01 4.961876024828861062e-07 6.944843315787386784e-01
7.764705882352940236e-01 7.128798361783837967e-01 6.203040814013627468e-07 7.128804564824652301e-01
7.865546218487393659e-01 7.315161118683649599e-01 9.361763898667816657e-07 7.315170480447548140e-01
7.966386554621848193e-01 7.503928251862550525e-01 1.277933380752065348e-06 7.503941031196358358e-01
8.067226890756301616e-01 7.695099883793012907e-01 1.632979661124150562e-06 7.695116213589624499e-01
8.168067226890755039e-01 7.888676007670384349e-01 2.001657098506786006e-06 7.888696024241369509e-01
8.268907563025209573e-01 8.084655109328644507e-01 2.534485131812859825e-06 8.084680454179962172e-01
8.369747899159662996e-01 8.283035000287887195e-01 3.441193950222824352e-06 8.283069412227389572e-01
8.470588235294116419e-01 8.483818417714359406e-01 4.444205715205852965e-06 8.483862859771511555e-01
0.000000000000000000e+00 0.000000000000000000e+00 0.000000000000000000e+00 0.000000000000000000e+00
0.000000000000000000e+00 0.000000000000000000e+00 0.000000000000000000e+00 0.000000000000000000e+00
0.000000000000000000e+00 0.000000000000000000e+00 0.000000000000000000e+00 0.000000000000000000e+00
0.000000000000000000e+00 0.000000000000000000e+00 0.000000000000000000e+00 0.000000000000000000e+00
0.000000000000000000e+00 0.000000000000000000e+00 0.000000000000000000e+00 0.000000000000000000e+00
0.000000000000000000e+00 0.000000000000000000e+00 0.000000000000000000e+00 0.000000000000000000e+00
0.000000000000000000e+00 0.000000000000000000e+00 0.000000000000000000e+00 0.000000000000000000e+00
0.000000000000000000e+00 0.000000000000000000e+00 0.000000000000000000e+00 0.000000000000000000e+00
0.000000000000000000e+00 0.000000000000000000e+00 0.000000000000000000e+00 0.000000000000000000e+00
0.000000000000000000e+00 0.000000000000000000e+00 0.000000000000000000e+00 0.000000000000000000e+00
0.000000000000000000e+00 0.000000000000000000e+00 0.000000000000000000e+00 0.000000000000000000e+00
0.000000000000000000e+00 0.000000000000000000e+00 0.000000000000000000e+00 0.000000000000000000e+00
0.000000000000000000e+00 0.000000000000000000e+00 0.000000000000000000e+00 0.000000000000000000e+00
0.000000000000000000e+00 0.000000000000000000e+00 0.000000000000000000e+00 0.000000000000000000e+00
0.000000000000000000e+00 0.000000000000000000e+00 0.000000000000000000e+00 0.000000000000000000e+00
0.000000000000000000e+00 0.000000000000000000e+00 0.000000000000000000e+00 0.000000000000000000e+00
0.000000000000000000e+00 0.000000000000000000e+00 0.000000000000000000e+00 0.000000000000000000e+00
0.000000000000000000e+00 0.000000000000000000e+00 0.000000000000000000e+00 0.000000000000000000e+00
0.000000000000000000e+00 0.000000000000000000e+00 0.000000000000000000e+00 0.000000000000000000e+00
0.000000000000000000e+00 0.000000000000000000e+00 0.000000000000000000e+00 0.000000000000000000e+00
0.000000000000000000e+00 0.000000000000000000e+00 0.000000000000000000e+00 0.000000000000000000e+00
0.000000000000000000e+00 0.000000000000000000e+00 0.000000000000000000e+00 0.000000000000000000e+00
0.000000000000000000e+00 0.000000000000000000e+00 0.000000000000000000e+00 0.000000000000000000e+00
0.000000000000000000e+00 0.000000000000000000e+00 0.000000000000000000e+00 0.000000000000000000e+00
0.000000000000000000e+00 0.000000000000000000e+00 0.000000000000000000e+00 0.000000000000000000e+00
0.000000000000000000e+00 0.000000000000000000e+00 0.000000000000000000e+00 0.000000000000000000e+00
0.000000000000000000e+00 0.000000000000000000e+00 0.000000000000000000e+00 0.000000000000000000e+00
0.000000000000000000e+00 0.000000000000000000e+00 0.000000000000000000e+00 0.000000000000000000e+00
0.000000000000000000e+00 0.000000000000000000e+00 0.000000000000000000e+00 0.000000000000000000e+00
0.000000000000000000e+00 0.000000000000000000e+00 0.000000000000000000e+00 0.000000000000000000e+00
0.000000000000000000e+00 0.000000000000000000e+00 0.000000000000000000e+00 0.000000000000000000e+00
0.000000000000000000e+00 0.000000000000000000e+00 0.000000000000000000e+00 0.000000000000000000e+00
0.000000000000000000e+00 0.000000000000000000e+00 0.000000000000000000e+00 0.000000000000000000e+00
0.000000000000000000e+00 0.000000000000000000e+00 0.000000000000000000e+00 0.000000000000000000e+00
0.000000000000000000e+00 0.000000000000000000e+00 0.000000000000000000e+00 0.000000000000000000e+00
