0.000000000000000000e+00 2.000000000000000000e+00
1.008403361344537702e-02 2.000000000000000000e+00
2.016806722689075404e-02 2.000000000000000000e+00
3.025210084033613106e-02 2.000000000000000000e+00
4.033613445378150808e-02 2.000000000000000000e+00
5.042016806722688510e-02 2.000000000000000000e+00
6.050420168067226212e-02 2.000000000000000000e+00
7.058823529411764608e-02 2.000000000000000000e+00
8.067226890756301616e-02 2.000000000000000000e+00
9.075630252100838624e-02 2.000000000000000000e+00
1.008403361344537702e-01 2.000000000000000000e+00
1.109243697478991542e-01 2.000000000000000000e+00
1.210084033613445242e-01 2.000000000000000000e+00
1.310924369747898943e-01 2.000000000000000000e+00
1.411764705882352922e-01 2.000000000000000000e+00
1.512605042016806622e-01 2.000000000000000000e+00
1.613445378151260323e-01 2.000000000000000000e+00
1.714285714285714024e-01 2.000000000000000000e+00
1.815126050420167725e-01 2.000000000000000000e+00
1.915966386554621703e-01 2.000000000000000000e+00
2.016806722689075404e-01 2.000000000000000000e+00
2.117647058823529105e-01 2.000000000000000000e+00
2.218487394957983083e-01 2.000000000000000000e+00
2.319327731092436784e-01 2.000000000000000000e+00
2.420168067226890485e-01 2.000000000000000000e+00
2.521008403361344463e-01 2.000000000000000000e+00
2.621848739495797886e-01 2.000000000000000000e+00
2.722689075630251865e-01 2.000000000000000000e+00
2.823529411764705843e-01 2.000000000000000000e+00
2.924369747899159266e-01 2.000000000000000000e+00
3.025210084033613245e-01 2.000000000000000000e+00
3.126050420168066668e-01 2.000000000000000000e+00
3.226890756302520646e-01 2.000000000000000000e+00
3.327731092436974625e-01 2.000000000000000000e+00
3.428571428571428048e-01 2.000000000000000000e+00
3.529411764705882026e-01 2.000000000000000000e+00
3.630252100840335450e-01 2.000000000000000000e+00
3.731092436974789428e-01 2.000000000000000000e+00
3.831932773109243406e-01 2.000000000000000000e+00
3.932773109243696830e-01 2.000000000000000000e+00
4.033613445378150808e-01 2.000000000000000000e+00
4.134453781512604786e-01 2.000000000000000000e+00
4.235294117647058210e-01 2.000000000000000000e+00
4.336134453781512188e-01 2.000000000000000000e+00
4.436974789915966166e-01 2.000000000000000000e+00
4.537815126050419590e-01 2.000000000000000000e+00
4.638655462184873568e-01 2.000000000000000000e+00
4.739495798319326991e-01 2.000000000000000000e+00
4.840336134453780970e-01 2.000000000000000000e+00
4.941176470588234948e-01 2.000000000000000000e+00
5.042016806722688926e-01 2.000000000000000000e+00
5.142857142857142350e-01 2.000000000000000000e+00
5.243697478991595773e-01 2.000000000000000000e+00
5.344537815126050306e-01 2.000000000000000000e+00
5.445378151260503730e-01 2.000000000000000000e+00
5.546218487394957153e-01 2.000000000000000000e+00
5.647058823529411686e-01 2.000000000000000000e+00
5.747899159663865110e-01 2.000000000000000000e+00
5.848739495798318533e-01 2.000000000000000000e+00
5.949579831932771956e-01 2.000000000000000000e+00
6.050420168067226490e-01 2.000000000000000000e+00
6.151260504201679913e-01 2.000000000000000000e+00
6.252100840336133336e-01 2.000000000000000000e+00
6.352941176470587870e-01 2.000000000000000000e+00
6.453781512605041293e-01 2.000000000000000000e+00
6.554621848739494716e-01 2.000000000000000000e+00
6.655462184873949250e-01 2.000000000000000000e+00
6.756302521008402673e-01 2.000000000000000000e+00
6.857142857142856096e-01 2.000000000000000000e+00
6.957983193277310630e-01 2.000000000000000000e+00
7.058823529411764053e-01 2.000000000000000000e+00
7.159663865546217476e-01 2.000000000000000000e+00
7.260504201680670899e-01 2.000000000000000000e+00
7.361344537815125433e-01 3.000000000000000000e+00
7.462184873949578856e-01 3.000000000000000000e+00
7.563025210084032279e-01 3.000000000000000000e+00
7.663865546218486813e-01 3.000000000000000000e+00
7.764705882352940236e-01 3.000000000000000000e+00
7.865546218487393659e-01 3.000000000000000000e+00
7.966386554621848193e-01 3.000000000000000000e+00
8.067226890756301616e-01 3.000000000000000000e+00
8.168067226890755039e-01 3.000000000000000000e+00
8.268907563025209573e-01 3.000000000000000000e+00
8.369747899159662996e-01 3.000000000000000000e+00
8.470588235294116419e-01 3.000000000000000000e+00
0.000000000000000000e+00 0.000000000000000000e+00
0.000000000000000000e+00 0.000000000000000000e+00
0.000000000000000000e+00 0.000000000000000000e+00
0.000000000000000000e+00 0.000000000000000000e+00
0.000000000000000000e+00 0.000000000000000000e+00
0.000000000000000000e+00 0.000000000000000000e+00
0.000000000000000000e+00 0.000000000000000000e+00
0.000000000000000000e+00 0.000000000000000000e+00
0.000000000000000000e+00 0.000000000000000000e+00
0.000000000000000000e+00 0.000000000000000000e+00
0.000000000000000000e+00 0.000000000000000000e+00
0.000000000000000000e+00 0.000000000000000000e+00
0.000000000000000000e+00 0.000000000000000000e+00
0.000000000000000000e+00 0.000000000000000000e+00
0.000000000000000000e+00 0.000000000000000000e+00
0.000000000000000000e+00 0.000000000000000000e+00
0.000000000000000000e+00 0.000000000000000000e+00
0.000000000000000000e+00 0.000000000000000000e+00
0.000000000000000000e+00 0.000000000000000000e+00
0.000000000000000000e+00 0.000000000000000000e+00
0.000000000000000000e+00 0.000000000000000000e+00
0.000000000000000000e+00 0.000000000000000000e+00
0.000000000000000000e+00 0.000000000000000000e+00
0.000000000000000000e+00 0.000000000000000000e+00
0.000000000000000000e+00 0.000000000000000000e+00
0.000000000000000000e+00 0.000000000000000000e+00
0.000000000000000000e+00 0.000000000000000000e+00
0.000000000000000000e+00 0.000000000000000000e+00
0.000000000000000000e+00 0.000000000000000000e+00
0.000000000000000000e+00 0.000000000000000000e+00
0.000000000000000000e+00 0.000000000000000000e+00
0.000000000000000000e+00 0.000000000000000000e+00
0.000000000000000000e+00 0.000000000000000000e+00
0.000000000000000000e+00 0.000000000000000000e+00
0.000000000000000000e+00 0.000000000000000000e+00
