0.000000000000000000e+00 0.000000000000000000e+00 0.000000000000000000e+00 0.000000000000000000e+00
1.008403361344537702e-02 1.202362121724513531e-04 0.000000000000000000e+00 1.202362121724513531e-04
2.016806722689075404e-02 4.809448486898054123e-04 0.000000000000000000e+00 4.809448486898054123e-04
3.025210084033613106e-02 1.082125909552062544e-03 0.000000000000000000e+00 1.082125909552062544e-03
4.033613445378150808e-02 1.923779394759221649e-03 0.000000000000000000e+00 1.923779394759221649e-03
5.042016806722688510e-02 3.005905304311267713e-03 0.000000000000000000e+00 3.005905304311267713e-03
6.050420168067226212e-02 4.328503638208250175e-03 0.000000000000000000e+00 4.328503638208250175e-03
7.058823529411764608e-02 5.891574396450114173e-03 0.000000000000000000e+00 5.891574396450114173e-03
8.067226890756301616e-02 7.695117579036886597e-03 0.000000000000000000e+00 7.695117579036886597e-03
9.075630252100838624e-02 9.739133185968581324e-03 0.000000000000000000e+00 9.739133185968581324e-03
1.008403361344537702e-01 1.202362121724507085e-02 0.000000000000000000e+00 1.202362121724507085e-02
1.109243697478991542e-01 1.454858167286661279e-02 0.000000000000000000e+00 1.454858167286661279e-02
1.210084033613445242e-01 1.731401455283300070e-02 0.000000000000000000e+00 1.731401455283300070e-02
1.310924369747898943e-01 2.031991985714430224e-02 0.000000000000000000e+00 2.031991985714430224e-02
1.411764705882352922e-01 2.356629758580045669e-02 0.000000000000000000e+00 2.356629758580045669e-02
1.512605042016806622e-01 2.705314773880143284e-02 0.000000000000000000e+00 2.705314773880143284e-02
1.613445378151260323e-01 3.078047031614754639e-02 0.000000000000000000e+00 3.078047031614754639e-02
1.714285714285714024e-01 3.474826531783857531e-02 0.000000000000000000e+00 3.474826531783857531e-02
1.815126050420167725e-01 3.895653274387432530e-02 0.000000000000000000e+00 3.895653274387432530e-02
1.915966386554621703e-01 4.340527259425493167e-02 0.000000000000000000e+00 4.340527259425493167e-02
2.016806722689075404e-01 4.809448486898028341e-02 0.000000000000000000e+00 4.809448486898028341e-02
2.117647058823529105e-01 5.302416956805099807e-02 0.000000000000000000e+00 5.302416956805099807e-02
2.218487394957983083e-01 5.819432669146645115e-02 0.000000000000000000e+00 5.819432669146645115e-02
2.319327731092436784e-01 6.360495623922689246e-02 0.000000000000000000e+00 6.360495623922689246e-02
2.420168067226890485e-01 6.925605821133200279e-02 0.000000000000000000e+00 6.925605821133200279e-02
2.521008403361344463e-01 7.514763260778188625e-02 0.000000000000000000e+00 7.514763260778188625e-02
2.621848739495797886e-01 8.127967942857720895e-02 0.000000000000000000e+00 8.127967942857720895e-02
2.722689075630251865e-01 8.765219867371716600e-02 0.000000000000000000e+00 8.765219867371716600e-02
2.823529411764705843e-01 9.426519034320182677e-02 0.000000000000000000e+00 9.426519034320182677e-02
2.924369747899159266e-01 1.011186544370316770e-01 0.000000000000000000e+00 1.011186544370316770e-01
3.025210084033613245e-01 1.082125909552057313e-01 0.000000000000000000e+00 1.082125909552057313e-01
3.126050420168066668e-01 1.155469998977259605e-01 0.000000000000000000e+00 1.155469998977259605e-01
3.226890756302520646e-01 1.231218812645901856e-01 0.000000000000000000e+00 1.231218812645901856e-01
3.327731092436974625e-01 1.309372350557995723e-01 0.000000000000000000e+00 1.309372350557995723e-01
3.428571428571428048e-01 1.389930612713543012e-01 0.000000000000000000e+00 1.389930612713543012e-01
3.529411764705882026e-01 1.472893599112523322e-01 0.000000000000000000e+00 1.472893599112523322e-01
3.630252100840335450e-01 1.558261309754973012e-01 0.000000000000000000e+00 1.558261309754973012e-01
3.731092436974789428e-01 1.646033744640857666e-01 0.000000000000000000e+00 1.646033744640857666e-01
3.831932773109243406e-01 1.736210903770197267e-01 0.000000000000000000e+00 1.736210903770197267e-01
3.932773109243696830e-01 1.828792787142981546e-01 0.000000000000000000e+00 1.828792787142981546e-01
4.033613445378150808e-01 1.923779394759211336e-01 0.000000000000000000e+00 1.923779394759211336e-01
4.134453781512604786e-01 2.021170726618910229e-01 0.000000000000000000e+00 2.021170726618910229e-01
4.235294117647058210e-01 2.120966782722039923e-01 0.000000000000000000e+00 2.120966782722039923e-01
4.336134453781512188e-01 2.223167563068632335e-01 0.000000000000000000e+00 2.223167563068632335e-01
4.436974789915966166e-01 2.327773067658658046e-01 0.000000000000000000e+00 2.327773067658658046e-01
4.537815126050419590e-01 2.434783296492138704e-01 0.000000000000000000e+00 2.434783296492138704e-01
4.638655462184873568e-01 2.544198249569075698e-01 0.000000000000000000e+00 2.544198249569075698e-01
4.739495798319326991e-01 2.656017926889456260e-01 0.000000000000000000e+00 2.656017926889456260e-01
4.840336134453780970e-01 2.770242328453280112e-01 0.000000000000000000e+00 2.770242328453280112e-01
4.941176470588234948e-01 2.886871454260543368e-01 0.000000000000000000e+00 2.886871454260543368e-01
5.042016806722688926e-01 3.005905304311275450e-01 0.000000000000000000e+00 3.005905304311275450e-01
5.142857142857142350e-01 3.127343878605468031e-01 0.000000000000000000e+00 3.127343878605468031e-01
5.243697478991595773e-01 3.251187177143088358e-01 0.000000000000000000e+00 3.251187177143088358e-01
5.344537815126050306e-01 3.377435199924158082e-01 0.000000000000000000e+00 3.377435199924158082e-01
5.445378151260503730e-01 3.506087946948686640e-01 0.000000000000000000e+00 3.506087946948686640e-01
5.546218487394957153e-01 3.637145418216650716e-01 0.000000000000000000e+00 3.637145418216650716e-01
5.647058823529411686e-01 3.770607613728073071e-01 0.000000000000000000e+00 3.770607613728073071e-01
5.747899159663865110e-01 3.906474533482940381e-01 0.000000000000000000e+00 3.906474533482940381e-01
5.848739495798318533e-01 4.044746177481267080e-01 0.000000000000000000e+00 4.044746177481267080e-01
5.949579831932771956e-01 4.185422545723027632e-01 0.000000000000000000e+00 4.185422545723027632e-01
6.050420168067226490e-01 4.328503638208229254e-01 0.000000000000000000e+00 4.328503638208229254e-01
6.151260504201679913e-01 4.473989454936904697e-01 0.000000000000000000e+00 4.473989454936904697e-01
6.252100840336133336e-01 4.621879995909038419e-01 0.000000000000000000e+00 4.621879995909038419e-01
6.352941176470587870e-01 4.772175261124567136e-01 0.000000000000000000e+00 4.772175261124567136e-01
6.453781512605041293e-01 4.924875250583607422e-01 0.000000000000000000e+00 4.924875250583607422e-01
6.554621848739494716e-01 5.079979964286073235e-01 0.000000000000000000e+00 5.079979964286073235e-01
6.655462184873949250e-01 5.237489402231982893e-01 0.000000000000000000e+00 5.237489402231982893e-01
6.756302521008402673e-01 5.397403564421339173e-01 0.000000000000000000e+00 5.397403564421339173e-01
6.857142857142856096e-01 5.559722450854172049e-01 0.000000000000000000e+00 5.559722450854172049e-01
6.957983193277310630e-01 5.724446061530388263e-01 0.000000000000000000e+00 5.724446061530388263e-01
7.058823529411764053e-01 5.891574396450093287e-01 0.000000000000000000e+00 5.891574396450093287e-01
7.159663865546217476e-01 6.061107455613287120e-01 0.000000000000000000e+00 6.061107455613287120e-01
7.260504201680670899e-01 6.233044771969189490e-01 4.641150570570096373e-08 6.233045236084246987e-01
7.361344537815125433e-01 6.407386194357326259e-01 1.521702242515146123e-07 6.407387716059568250e-01
7.462184873949578856e-01 6.584132267701161556e-01 2.622455743662011367e-07 6.584134890156905229e-01
7.563025210084032279e-01 6.763282988379313299e-01 3.768766786320806984e-07 6.763286757146099726e-01
7.663865546218486813e-01 6.944838353911362283e-01 4.961876024828863179e-07 6.944843315787386784e-01
7.764705882352940236e-01 7.128797979871800417e-01 6.580919829330379482e-07 7.128804560791629497e-01
7.865546218487393659e-01 7.315160775775675361e-01 9.690392924155515843e-07 7.315170466168599006e-01
7.966386554621848193e-01 7.503927842844246854e-01 1.316489880114631873e-06 7.503941007743047953e-01
8.067226890756301616e-01 7.695099365602687813e-01 1.681288601383133486e-06 7.695116178488701220e-01
8.168067226890755039e-01 7.888675066143410186e-01 2.090834231262872583e-06 7.888695974485723239e-01
8.268907563025209573e-01 8.084652190741246081e-01 2.815387152948489024e-06 8.084680344612775738e-01
8.369747899159662996e-01 8.283033219982519624e-01 3.602900366241127522e-06 8.283069248986182354e-01
8.470588235294116419e-01 8.483816128261623124e-01 4.652039607944852430e-06 8.483862648657702898e-01
8.571428571428570953e-01 8.686997063330618163e-01 6.337551494054463068e-06 8.687060438845558563e-01
8.672268907563024376e-01 8.892576720339109286e-01 8.575648141777600530e-06 8.892662476820527573e-01
8.773109243697477799e-01 9.100549271642444094e-01 1.192967517835010059e-05 9.100668568394227886e-01
8.873949579831932333e-01 9.310921182104006100e-01 1.573291906334843036e-05 9.311078511294639259e-01
8.974789915966385756e-01 9.523684882937999419e-01 2.072904842611264880e-05 9.523892173422260354e-01
9.075630252100839179e-01 9.738837265689391787e-01 2.719457389132099150e-05 9.739109211428305102e-01
9.176470588235292603e-01 9.956359354307730003e-01 3.697505374349889295e-05 9.956729104845164491e-01
9.277310924369747136e-01 1.017625533196991450e+00 4.958687426999050518e-05 1.017675120071261485e+00
9.378151260504200559e-01 1.039849557731810537e+00 6.789657338965701856e-05 1.039917454305200106e+00
9.478991596638653983e-01 1.062305623999185267e+00 9.415204034171308621e-05 1.062399776039526955e+00
9.579831932773108516e-01 1.084991412555581070e+00 1.304753833297659738e-04 1.085121887938910845e+00
9.680672268907561939e-01 1.107896315259933928e+00 1.871584055172717119e-04 1.108083473665451235e+00
9.781512605042015362e-01 1.130998936374966179e+00 2.850069971097696719e-04 1.131283943372076051e+00
9.882352941176469896e-01 2.194620226832029713e-03 3.671479987843676573e-01 3.693426190111996910e-01
9.983193277310923319e-01 2.160297798506852478e-03 3.672265177264714686e-01 3.693868155249783181e-01
1.008403361344537785e+00 2.126736110677792616e-03 3.673031574678744526e-01 3.694298935785522708e-01
1.018487394957983128e+00 2.094131888515052276e-03 3.673777552603026408e-01 3.694718871488176792e-01
1.028571428571428470e+00 2.062456789051961628e-03 3.674503776326184523e-01 3.695128344216704330e-01
1.038655462184873812e+00 2.031679297869120639e-03 3.675210939389468856e-01 3.695527732368160123e-01
1.048739495798319155e+00 2.001768593856867017e-03 3.675899714417636965e-01 3.695917400356205640e-01
1.058823529411764497e+00 1.972695005541516902e-03 3.676570746901011710e-01 3.696297696956427070e-01
1.068907563025210061e+00 1.944429925424159085e-03 3.677224656371103628e-01 3.696668955625345143e-01
1.078991596638655404e+00 1.916945879071120344e-03 3.677862036372683829e-01 3.697031495163394799e-01
1.089075630252100746e+00 1.890217152590392170e-03 3.678483449034058994e-01 3.697385620559963115e-01
1.099159663865546088e+00 1.864218687656391416e-03 3.679089436805397240e-01 3.697731623681961288e-01
1.109243697478991431e+00 1.838926824210025809e-03 3.679680515733392832e-01 3.698069783975493352e-01
1.119327731092436773e+00 1.814318696774073645e-03 3.680257182126576154e-01 3.698400369094316797e-01
1.129411764705882337e+00 1.790372399968204751e-03 3.680819911485409546e-01 3.698723635485091643e-01
1.139495798319327680e+00 1.767066939201087207e-03 3.681369159559462756e-01 3.699039828951473652e-01
1.149579831932773022e+00 1.744382184001274337e-03 3.681905363344880056e-01 3.699349185184892530e-01
1.159663865546218364e+00 1.722298824064393474e-03 3.682428942023566742e-01 3.699651930264210575e-01
1.169747899159663707e+00 1.700798327933985632e-03 3.682940297847086542e-01 3.699948281126426153e-01
1.179831932773109049e+00 1.679862753222394244e-03 3.683439818467224014e-01 3.700238445999448067e-01
1.189915966386554391e+00 1.659475140996291781e-03 3.683927873413451737e-01 3.700522624823414652e-01
1.199999999999999956e+00 1.639618942174011357e-03 3.684404820239598477e-01 3.700801009661338625e-01
